arv	sünniaasta
1960	0
327	1973
309	1963
309	1972
307	1969
304	1970
302	1953
302	1971
301	1947
298	1956
296	1979
296	1961
294	1928
294	1948
294	1981
291	1942
291	1950
291	1962
290	1976
290	1946
290	1960
289	1980
289	1968
289	1966
288	1929
281	1974
281	1964
280	1977
280	1957
277	1952
275	1941
274	1958
272	1965
272	1954
271	1982
270	1939
270	1983
269	1959
268	1949
266	1975
261	1930
260	1978
257	1945
255	1985
253	1951
250	1967
249	1984
248	1955
247	1938
247	1931
243	1943
240	1937
238	1944
237	1935
234	1934
231	1986
230	1940
226	1903
225	1932
222	1988
222	1926
221	1987
220	1936
217	1898
212	1927
210	1900
209	1902
209	1904
206	1924
205	1908
204	1899
203	1925
201	1892
201	1901
195	1922
191	1897
189	1990
188	1933
187	1921
186	1896
184	1895
183	1906
182	1911
182	1923
181	1907
181	1905
180	1894
178	1912
174	1989
166	1914
165	1893
164	1910
160	1909
158	1920
154	1891
150	1890
147	1913
145	1887
145	1889
138	1919
135	1915
133	1917
132	1885
130	1886
128	1918
123	1916
122	1888
121	1884
120	1991
119	1883
117	1882
115	1993
113	1992
107	1880
97	1879
91	1874
90	1881
85	1875
84	1877
83	1878
76	1873
75	1994
75	1870
75	1872
73	1876
73	1871
72	1867
70	1865
69	1863
68	1869
67	1866
65	1864
61	1860
55	1857
54	1868
53	1861
53	1859
51	1995
50	1862
48	1848
45	1853
41	1856
40	1845
39	1858
39	1854
38	1852
35	1844
34	1841
34	1401-1499
34	1838
33	1842
33	1836
33	1855
33	1849
32	1833
32	1818
32	1832
32	1834
32	1850
32	1839
31	1843
30	1831
30	1847
30	1804
29	1846
29	1811
28	1840
28	1830
27	1824
27	1802
27	1801
27	1996
27	1837
26	1851
26	1819
26	1826
26	1835
25	1809
25	1789
25	1822
25	1800
24	1817
24	1829
24	1810
24	1812
23	1701-1799
23	1813
23	1797
22	1769
21	1768
21	1823
21	1601-1699
21	1820
20	1767
20	1770
20	1803
19	1773
19	1777
19	1799
18	1821
18	1798
18	1808
18	1997
18	1786
18	1757
18	1815
18	1794
17	1795
17	1814
17	1827
17	1806
16	1791
16	1744
16	1793
16	1816
15	1755
15	1778
15	1760
15	1805
15	1101-1199
14	1765
14	1780
14	1825
14	1766
14	1796
14	1772
14	1807
14	1743
14	1301-1399
14	1828
14	1792
13	1749
13	1782
13	1788
13	1776
13	1790
13	1745
13	1764
13	1700
13	1762
13	1998
13	1775
13	1717
12	1748
12	1774
12	1737
12	1771
12	1785
12	1783
12	1754
12	1752
12	1781
11	BC0501-BC0599
11	1501-1599
11	1632
11	1756
11	1734
11	1758
11	1753
11	1761
11	1759
11	1711
11	1750
10	1999
10	1746
10	1714
10	1740
10	1787
10	1718
10	1751
9	1450
9	1686
9	1685
9	1480
9	1779
9	1683
9	1500
9	1676
9	1725
9	1630
9	0801-0899
9	1736
9	0201-0299
9	1520
9	1735
9	1763
8	1732
8	1712
8	1485
8	1552
8	1720
8	0501-0599
8	001-0099
8	1689
8	1742
8	2000
8	1530
8	1667
8	1728
7	BC0401-BC0499
7	1638
7	1550
7	1731
7	1655
7	1490
7	1625
7	1659
7	1644
7	1430
7	1201-1299
7	1661
7	1692
7	2003
7	1722
7	1622
7	1710
7	1724
7	1470
7	1741
7	1660
7	1727
7	1704
7	1614
6	1739
6	1489
6	1682
6	1716
6	1583
6	1601
6	1600
6	1713
6	1646
6	1784
6	0901-0999
6	0101-0199
6	1715
6	1612
6	0301-0399
6	1726
6	1440
6	1578
6	1662
6	1729
6	1629
6	1699
6	1599
6	1640
6	1631
6	1533
6	1577
6	BC1301-BC1399
6	1665
6	1634
6	1647
6	1730
6	1688
6	1681
5	1663
5	1613
5	0430
5	1370
5	1606
5	1747
5	1690
5	1666
5	1628
5	2002
5	1460
5	1648
5	1694
5	1653
5	1627
5	1687
5	1671
5	1709
5	1680
5	1610
5	1696
5	1738
5	1478
5	1703
5	1452
5	1707
5	2005
5	1701
5	1719
5	1471
5	1652
5	1537
5	1656
5	1519
5	1130
5	1290
5	1503
5	1637
5	1617
5	1702
5	1650
5	1494
4	1240
4	1684
4	1721
4	1672
4	1677
4	1611
4	1582
4	1590
4	1499
4	1498
4	1596
4	1432
4	BC0001-BC0099
4	1697
4	1473
4	1608
4	1585
4	1643
4	1483
4	1555
4	1557
4	1668
4	0601-0699
4	1451
4	0480
4	1607
4	1435
4	1654
4	1540
4	1602
4	BC0101-BC0199
4	BC0301-BC0399
4	1675
4	1560
4	0200
4	1586
4	1564
4	1649
4	1574
4	0401-0499
4	1705
4	2001
4	1651
4	1642
4	1497
4	1475
4	1140
4	1571
4	1733
4	0060
4	1559
4	1527
4	1397
4	1591
4	1509
4	1561
3	1570
3	1528
3	1592
3	1525
3	1641
3	1615
3	1573
3	1502
3	0580
3	1657
3	1491
3	1693
3	1669
3	1619
3	1230
3	1636
3	0250
3	1304
3	1603
3	1581
3	1368
3	1554
3	1492
3	1493
3	1618
3	1501
3	1635
3	1521
3	1579
3	1210
3	1479
3	1723
3	1468
3	1050
3	1431
3	1670
3	1459
3	1404
3	1616
3	1415
3	1595
3	1691
3	1447
3	1516
3	1469
3	1504
3	1639
3	1351
3	1575
3	1316
3	1594
3	1623
3	1645
3	1598
3	1001-1099
3	1566
3	1580
3	1535
3	1673
3	0380
3	BC0201-BC0299
3	1664
3	1626
3	1207
3	1416
3	1633
3	2004
3	1160
3	1679
3	1401
3	1624
3	1250
3	1587
3	0050
3	1706
3	0701-0799
3	1542
3	1678
2	1507
2	1319
2	0347
2	0940
2	1425
2	0192
2	1270
2	1576
2	1457
2	1350
2	1588
2	0120
2	1387
2	1436
2	0195
2	0410
2	1291
2	1433
2	1545
2	1340
2	BC0106
2	1620
2	0140
2	0980
2	0316
2	1484
2	1584
2	1424
2	0550
2	1185
2	1390
2	BC0601-BC0699
2	1242
2	0101
2	0214
2	2007
2	BC0460
2	1010
2	1674
2	0680
2	1512
2	1466
2	1465
2	1658
2	1386
2	1330
2	1336
2	0090
2	1463
2	1517
2	1695
2	1405
2	1605
2	0570
2	1165
2	1167
2	1510
2	0340
2	0401
2	1260
2	1406
2	1505
2	1609
2	1455
2	1310
2	BC0701-BC0799
2	1496
2	1443
2	1487
2	1801-1899
2	1215
2	0360
2	0950
2	1456
2	0330
2	1538
2	1100
2	1380
2	1551
2	1621
2	0245
2	1536
2	1377
2	1597
2	1568
2	1267
2	0460
2	1593
2	1265
2	1522
2	1486
2	1099
2	1170
2	0280
2	1563
2	1442
2	1268
2	1245
2	1221
2	BC0070
2	1476
2	0995
1	1018
1	0714
1	1303
1	1264
1	0265
1	1107
1	1488
1	0321
1	1352
1	1546
1	1371
1	1147
1	1384
1	1339
1	1238
1	1357
1	1409
1	BC0138
1	1708
1	1053
1	1462
1	1252
1	1074
1	0040
1	BC1501-BC1599
1	0454
1	BC0023
1	1515
1	1293
1	1098
1	1254
1	1410
1	1392
1	BC0384
1	1423
1	BC0042
1	1129
1	0255
1	BC0100
1	BC0204
1	0220
1	0053
1	1313
1	1389
1	1327
1	0009
1	1211
1	1073
1	1567
1	1396
1	1398
1	0254
1	0900
1	BC0058
1	0701
1	0225
1	0172
1	BC0170
1	1194
1	1164
1	1180
1	0780
1	1508
1	1058
1	BC0210
1	BC0276
1	1187
1	1477
1	1354
1	1511
1	BC0397
1	BC0077
1	0876
1	1426
1	0069
1	1363
1	0317
1	0175
1	1046
1	0467
1	BC0318
1	0328
1	0204
1	1228
1	0602
1	1122
1	0182
1	BC0801-BC0899
1	1474
1	0379
1	0230
1	0669
1	BC0309
1	BC0047
1	1081
1	1412
1	0320
1	0165
1	1326
1	BC0262
1	0967
1	1302
1	0880
1	0206
1	0010
1	1548
1	1338
1	1481
1	0303
1	1218
1	1060
1	1219
1	1353
1	0903
1	1454
1	1589
1	BC0001
1	1224
1	1417
1	1201
1	1198
1	1367
1	0466
1	1227
1	0972
1	BC0685
1	BC1401-BC1499
1	1157
1	0164
1	0490
1	1698
1	0126
1	0560
1	0039
1	0161
1	0978
1	1166
1	BC0010
1	0795
1	BC0182
1	1239
1	2012
1	BC1099
1	0625
1	0240
1	0751
1	0420
1	1020
1	0905
1	1300
1	1191
1	1247
1	0070
1	0685
1	0955
1	0012
1	BC0020
1	1445
1	0530
1	0133
1	1524
1	0076
1	0846
1	BC0063
1	1284
1	0278
1	0189
1	1400
1	0872
1	0573
1	BC0120
1	BC0157
1	BC0287
1	BC0059
1	1315
1	0224
1	BC0055
1	1255
1	0610
1	0740
1	BC0060
1	BC0412
1	1204
1	1444
1	0032
1	0806
1	0859
1	BC0067
1	0778
1	1378
1	1532
1	0419
1	1071
1	1200
1	1281
1	0970
1	0377
1	1539
1	1421
1	1043
1	0763
1	1553
1	1565
1	BC0065
1	1534
1	0392
1	1901-1999
1	1133
1	BC0015
1	1383
1	0146
1	BC0046
1	BC0083
1	1287
1	0600
1	0750
1	1467
1	1427
1	0270
1	BC0183
1	1048
1	1420
1	1030
1	0879
1	1110
1	1318
1	BC0003
1	0370
1	1298
1	BC0337
1	1361
1	0058
1	1388
1	1414
1	1453
1	BC0496
1	1120
1	1418
1	0973
1	1282
1	0960
1	0208
1	BC0004
1	0390
1	1113
1	1562
1	1236
1	1141
1	0289
1	0830
1	1518
1	BC0396
1	BC0624
1	0990
1	1153
1	BC0036
1	1056
1	1572
1	0300
1	1090
1	1362
1	1403
1	0042
1	1514
1	0232
1	0310
1	BC0221
1	0080
1	PXY
1	1006
1	0384
1	0810
1	0770
1	1193
1	0129
1	0968
1	0920
1	0051
1	1526
1	1145
1	BC0110
1	0218
1	BC0445
1	1569
1	1373
1	BC0045
1	BC0389
1	BC0185
1	1332
1	0912
1	1017
1	BC0356
1	1506
1	0930
1	1280
1	0731
1	1024
1	BC0304
1	BC0540
1	0170
1	1209
1	1002
1	1206
1	1111
1	1079
1	0575
1	1531
1	1604
1	0336
1	0130
1	0823
1	0030
1	0620
1	1369
1	1070
1	BC0168
1	1075
1	0332
1	1391
1	BC0469
1	2011
1	1449
1	0272
1	1394
1	1178
1	1177
1	1277
1	0020
1	0646
1	BC0480
1	1312
1	BC0117
1	0155
1	0154
1	BC0367
1	0085
1	0186
1	0209
1	BC0382
1	1261
1	BC0073
1	0896
1	BC0286
1	1439
1	BC0234
1	1190
1	1225
1	1093
1	BC0372
1	BC0495
1	1128
1	0260
1	1096
1	0037
1	0290
1	0590
1	1289
1	0772
1	0354
1	0158
1	0150
1	0825
1	1016
1	0599
1	1382
