arv	surmaaasta
16506	0
355	1942
335	2015
318	2014
300	2012
297	2011
289	2013
272	1941
247	2010
219	2009
201	2016
196	2008
189	2006
187	2007
170	1994
166	2004
164	1945
157	1944
156	1990
150	1996
146	1982
145	1995
145	2005
144	1986
142	1992
142	2003
139	1989
137	1997
137	1998
136	1991
133	1938
131	1984
131	1983
130	1985
130	1980
129	1943
128	1987
127	2002
126	1999
125	1979
125	1988
122	1975
121	1970
121	1976
121	2001
119	1969
115	1937
115	1974
115	1978
114	2000
112	1993
112	1977
108	1981
107	1973
107	1936
103	1967
103	1939
100	1940
98	1946
98	1965
97	1972
95	1947
94	1968
93	1966
92	1963
90	1964
89	1971
85	1953
84	1919
84	1956
84	1960
84	1961
82	1949
80	1962
80	1958
77	1955
73	1933
73	1952
73	1959
72	1948
72	1957
72	1935
70	1954
65	1950
65	1918
64	1925
63	1930
62	1924
61	1934
61	1932
60	1951
55	1920
53	1927
51	1931
50	1916
49	1929
45	1923
44	1926
43	1917
42	1922
40	1912
37	1913
37	1914
37	1921
34	1889
34	1928
32	1902
32	1903
32	1911
32	1891
30	1894
30	1900
29	1908
29	1906
29	1883
29	1886
29	1710
29	1882
28	1910
28	1909
28	1898
28	1915
27	1895
27	1892
26	1905
26	1893
26	1904
25	1890
25	1875
24	1901
24	1907
24	1874
24	1877
24	1864
24	1888
23	1884
23	1897
23	1841
23	1887
23	1865
22	1855
22	1848
22	1896
21	1876
21	1869
21	1856
21	1837
21	1850
20	1829
19	1880
19	1501-1599
19	1849
19	1870
19	1881
18	1885
18	1859
18	1872
18	1834
18	1878
17	1851
17	1861
17	1832
17	1899
17	1801-1899
16	1836
16	1793
16	1871
16	1844
16	1858
15	1854
15	1857
15	1809
15	1830
15	1867
15	1827
15	1838
14	1842
14	1852
14	1815
14	1879
14	1868
14	1873
14	1860
14	1862
13	1657
13	1812
13	1824
13	1822
13	1795
13	1560
13	1826
13	1828
13	1866
13	1843
12	1540
12	1845
12	1750
12	1831
12	1806
12	1755
12	1833
12	1846
11	1853
11	1823
11	1810
11	1796
11	1817
11	1791
11	1808
11	1819
11	1821
11	1863
11	1798
10	1679
10	1701-1799
10	1820
10	1803
10	1813
10	1788
10	1695
10	1847
10	1730
10	1740
10	1825
10	1840
10	1605
9	1771
9	1666
9	1780
9	1536
9	1799
9	1797
9	1650
9	1723
8	1800
8	1790
8	1717
8	1839
8	1741
8	1708
8	1781
8	1811
8	1814
8	1559
8	1510
8	1801
8	1550
8	1773
8	1714
8	1566
7	1805
7	1585
7	1784
7	1758
7	1792
7	1804
7	1772
7	1704
7	1727
7	1543
7	1612
7	1505
7	1643
7	1530
7	1707
7	1770
7	1764
7	1789
7	1665
7	1786
7	1751
7	1583
7	1535
7	1680
7	1689
7	1715
7	1692
7	1762
7	1712
7	1794
7	1818
7	1774
7	1594
7	1001-1099
7	1785
6	BC0501-BC0599
6	1783
6	1749
6	1778
6	1802
6	1630
6	1816
6	1742
6	1533
6	1767
6	1769
6	1557
6	1731
6	1694
6	1621
6	1555
6	1565
6	1523
6	1753
6	1642
6	1656
6	1571
6	1419
6	1401-1499
6	1464
6	1669
6	1601-1699
6	1572
6	1733
6	1777
6	1570
6	1835
6	1722
6	1746
6	1688
6	1706
6	1515
6	1690
6	1546
6	1664
6	1737
6	1564
6	1492
6	1705
6	1676
6	1765
6	BC0401-BC0499
6	1711
6	1551
5	1500
5	1766
5	1520
5	1574
5	1556
5	1675
5	1761
5	1674
5	1512
5	1745
5	1201-1299
5	1738
5	1756
5	1684
5	1702
5	1217
5	1470
5	1687
5	1471
5	1632
5	1719
5	1725
5	1779
5	1622
5	1567
5	1768
5	1735
5	1696
5	1760
5	1759
5	1776
5	1558
5	1724
5	0238
5	1607
5	1587
5	1598
5	1670
5	1539
5	1752
5	1720
5	1718
5	BC0001-BC0099
5	1625
5	1709
5	1516
5	1681
5	1590
5	1716
5	0270
5	1660
5	1601
5	1703
4	0201-0299
4	1686
4	1678
4	1787
4	1610
4	1506
4	1503
4	1513
4	1584
4	1484
4	1654
4	0020
4	1782
4	1624
4	1280
4	1652
4	1529
4	1608
4	1637
4	1498
4	1683
4	1626
4	1589
4	1698
4	1576
4	1701
4	1223
4	1480
4	1482
4	1509
4	1532
4	1241
4	1483
4	1591
4	0420
4	1534
4	1655
4	1216
4	1699
4	0901-0999
4	1580
4	1568
4	1595
4	1807
4	1620
4	0350
4	1619
4	1575
4	1592
4	0253
4	1525
4	1521
4	1616
4	BC1201-BC1299
4	1763
4	1700
4	1569
4	1739
4	1552
4	1424
4	1640
4	1518
4	1729
4	BC0201-BC0299
4	1682
3	1294
3	1508
3	1285
3	0069
3	1457
3	1382
3	0882
3	1296
3	1435
3	1658
3	1263
3	1310
3	1673
3	1167
3	1187
3	1528
3	0520
3	1577
3	1648
3	1573
3	1412
3	1691
3	1472
3	1469
3	1495
3	1685
3	1646
3	1545
3	1463
3	1406
3	1662
3	1602
3	1507
3	1629
3	1538
3	1672
3	1450
3	1677
3	1603
3	1561
3	0222
3	1270
3	1125
3	1380
3	1588
3	1734
3	1641
3	1526
3	1211
3	0450
3	0897
3	1437
3	1726
3	0741
3	1314
3	1775
3	1524
3	1260
3	0150
3	1447
3	BC0301-BC0399
3	1301-1399
3	1160
3	1553
3	1638
3	1490
3	1080
3	1476
3	1493
3	1206
3	1527
3	1361
3	1537
3	0924
3	1541
3	1732
3	1385
3	1757
3	1350
3	1268
3	1291
3	1743
3	1579
3	1633
3	0230
3	1276
3	1606
3	1600
3	1488
3	1549
3	1645
3	1639
2	1563
2	1388
2	1360
2	1458
2	0896
2	1736
2	1504
2	1418
2	1663
2	0258
2	1100
2	1659
2	1422
2	1308
2	BC0080
2	1180
2	1328
2	0526
2	0680
2	1209
2	1364
2	1252
2	1272
2	1596
2	1599
2	1634
2	BC0406
2	1401
2	1554
2	1494
2	1066
2	1436
2	1413
2	1713
2	1609
2	1562
2	1115
2	0762
2	0193
2	1101
2	1615
2	1148
2	1299
2	1728
2	1226
2	1054
2	1474
2	1617
2	1475
2	0638
2	1179
2	0310
2	0678
2	1370
2	1374
2	1481
2	0986
2	1547
2	1410
2	1279
2	1440
2	0928
2	1273
2	0060
2	1227
2	1644
2	1259
2	1327
2	0337
2	1228
2	1274
2	1531
2	1009
2	0801-0899
2	1593
2	0325
2	0827
2	1611
2	0283
2	0996
2	0050
2	1661
2	0705
2	1623
2	0999
2	1453
2	1548
2	1462
2	1375
2	1321
2	1103
2	0217
2	0268
2	0211
2	1582
2	1334
2	1304
2	1468
2	1444
2	1449
2	BC0546
2	1295
2	1307
2	1152
2	0474
2	0855
2	BC0283
2	BC0145
2	1047
2	1459
2	1170
2	0304
2	1479
2	1362
2	BC0019
2	1024
2	1748
2	1347
2	1292
2	1300
2	0929
2	0303
2	1631
2	1287
2	1130
2	1647
2	1421
2	1519
2	1744
2	0275
2	1191
2	0079
2	1901-1999
2	1197
2	1378
2	0100
2	BC0030
2	1517
2	1220
2	1438
2	0972
2	0417
2	0840
2	0218
2	1003
2	1514
2	1377
2	1597
2	1224
2	1058
2	1099
2	BC1301-BC1399
2	1277
2	BC0323
2	1466
2	1628
2	0300
2	0138
2	1283
2	0480
2	1239
2	1316
2	0752
2	1322
2	1415
2	0440
2	1282
2	0844
2	1448
2	0983
2	1254
2	BC0314
2	1250
2	1101-1199
2	0170
2	BC0044
2	0939
2	1212
2	0110
2	0235
2	1341
2	1185
2	BC1401-BC1499
2	1635
2	1586
2	1154
2	1198
2	1460
2	1497
2	1431
2	1668
2	1190
2	0390
2	1337
2	1542
2	1016
2	BC0601-BC0699
2	0397
2	1651
2	0101-0199
2	0301-0399
2	0120
2	1653
2	1618
2	1275
1	1256
1	0041
1	0767
1	0197
1	0715
1	BC0046
1	0518
1	BC0627
1	1135
1	BC0026
1	1195
1	0096
1	0315
1	1119
1	1189
1	1289
1	0961
1	1215
1	0189
1	1502
1	0958
1	BC0222
1	0459
1	1320
1	0340
1	1522
1	1373
1	0956
1	0282
1	1085
1	0307
1	1365
1	BC0184
1	1162
1	0656
1	0535
1	0898
1	0053
1	BC0212
1	1102
1	1264
1	0255
1	0649
1	1143
1	0824
1	BC0429
1	1048
1	0653
1	1002
1	0336
1	1243
1	1240
1	0311
1	0701-0799
1	BC0180
1	0727
1	1219
1	BC0539
1	1117
1	1313
1	1150
1	1126
1	0604
1	1445
1	1501
1	1441
1	1485
1	BC0071
1	1455
1	0816
1	1022
1	1151
1	BC0090
1	0685
1	0615
1	1147
1	1153
1	1667
1	BC0035
1	0493
1	0879
1	1030
1	BC0194
1	1452
1	0194
1	0192
1	1627
1	1336
1	1159
1	0872
1	0423
1	0940
1	0361
1	0455
1	PXY
1	1088
1	0640
1	1145
1	1210
1	1343
1	1106
1	0876
1	0040
1	1369
1	0894
1	0965
1	0555
1	0070
1	1604
1	0945
1	BC0288
1	0641
1	1491
1	0987
1	0639
1	1105
1	0432
1	BC0204
1	BC1050
1	0757
1	0574
1	BC0396
1	0380
1	1359
1	0045
1	0457
1	0428
1	BC0179
1	0395
1	0250
1	0561
1	0607
1	1477
1	1050
1	0846
1	BC0272
1	BC0330
1	1425
1	0496
1	1303
1	1649
1	0370
1	0408
1	1489
1	0869
1	0984
1	0632
1	0892
1	0098
1	0930
1	1404
1	1439
1	1200
1	1136
1	1399
1	0492
1	1124
1	0708
1	0312
1	BC0522
1	BC0004
1	0421
1	0606
1	BC0072
1	0974
1	0786
1	1078
1	0296
1	0903
1	0867
1	1035
1	1693
1	BC0370
1	0547
1	0415
1	1354
1	0410
1	1411
1	0375
1	0625
1	0634
1	BC0012
1	1230
1	1417
1	0363
1	1015
1	0065
1	0899
1	0768
1	0019
1	1061
1	1671
1	1208
1	1251
1	0037
1	BC0132
1	0180
1	0912
1	0081
1	0809
1	0655
1	0921
1	0686
1	0955
1	1207
1	0772
1	1111
1	1499
1	0228
1	0422
1	0147
1	0130
1	1218
1	0997
1	0117
1	1137
1	1202
1	0885
1	0468
1	1205
1	1345
1	0161
1	1181
1	BC0190
1	0579
1	1326
1	1237
1	0399
1	0817
1	1265
1	1298
1	0461
1	1318
1	0870
1	1407
1	1432
1	0754
1	1427
1	0378
1	1429
1	0254
1	1433
1	1204
1	0252
1	0454
1	0707
1	1434
1	1131
1	1073
1	1199
1	1339
1	0080
1	1262
1	0430
1	1118
1	1242
1	0244
1	1353
1	0506
1	BC0047
1	0946
1	1196
1	1012
1	0155
1	0320
1	1070
1	1405
1	1059
1	1486
1	0017
1	1255
1	1487
1	0160
1	0384
1	1381
1	0690
1	0313
1	0401
1	0749
1	BC0322
1	1087
1	1324
1	0427
1	0847
1	BC0496
1	0353
1	1032
1	1442
1	1400
1	0009
1	0004
1	0335
1	BC0025
1	0460
1	0314
1	1139
1	0900
1	BC0399
1	0249
1	BC0210
1	1234
1	BC0086
1	0527
1	1317
1	BC0319
1	0590
1	0276
1	BC0078
1	BC0055
1	1319
1	BC0232
1	0470
1	0537
1	0959
1	1093
1	1057
1	0284
1	0565
1	1394
1	0067
1	1390
1	BC0385
1	0018
1	1344
1	1018
1	1156
1	0491
1	0771
1	1352
1	1430
1	0788
1	1342
1	BC0530
1	1423
1	1293
1	1754
1	1253
1	1246
1	1144
1	BC0273
1	BC0246
1	0251
1	BC0435
1	0317
1	0814
1	0850
1	0260
1	1426
1	0140
1	0580
1	0453
1	1397
1	BC0008
1	0964
1	0376
1	0731
1	1420
1	0483
1	1038
1	0976
1	0309
1	0306
1	0200
1	0877
1	1025
1	0121
1	1451
1	1443
1	BC0722
1	1428
1	1133
1	0737
1	1358
1	0326
1	1142
1	0966
1	1249
1	0661
1	0177
1	1039
1	1456
1	0352
1	0642
1	BC0051
1	1414
1	BC0465
1	0285
1	BC0404
1	1020
1	0265
1	BC0116
1	BC0133
1	0530
1	1014
1	1578
1	0936
1	0671
1	0914
1	0884
1	BC0048
1	0913
1	1581
1	1636
1	0290
1	1174
1	0536
1	1355
1	0014
1	0926
1	0274
1	1408
1	1042
1	0880
1	0672
1	BC0043
1	001-0099
1	BC0705
1	0644
1	1511
1	1363
1	0954
1	1402
1	0373
1	0618
1	1261
1	0858
1	0701
1	0888
1	0257
1	1236
1	1454
1	1467
1	1389
1	1403
1	0991
1	0532
1	0683
1	1747
1	0498
1	0054
1	0931
1	BC0045
1	1302
1	0657
1	1247
1	0795
1	0937
1	0199
1	0973
1	0681
1	0029
1	1201
1	BC0129
1	0918
1	0687
1	0068
1	1157
1	1109
1	0175
1	1367
1	0911
1	1222
1	BC0101-BC0199
1	1613
1	0514
1	0366
1	0220
1	1000
1	BC0201
1	1349
1	1461
1	0904
1	0891
1	BC0088
1	1056
1	0236
1	BC0336
1	0418
1	0540
1	1248
1	BC0149
1	1040
1	0090
1	0942
1	0636
1	0875
1	0401-0499
1	0511
1	0676
1	1348
1	0523
1	0810
1	1721
